safe_colorblind_palette <- c("#CC6677", "#DDCC77", "#117733", "#332288", "#AA4499", "#88CCEE",
                             "#44AA99", "#999933", "#882255", "#661100", "#6699CC", "#888888")
